
              precision    recall  f1-score   support

         100       1.00      0.95      0.97        20
        1016       1.00      0.86      0.92        14
        1017       0.80      0.96      0.88       113
        1018       0.87      0.89      0.88       117
        1019       0.75      0.78      0.76       262
        1020       0.62      1.00      0.77        10
        1021       0.72      0.69      0.70       204
        1027       0.90      0.93      0.92       601
        1028       0.71      0.63      0.67        19
        1036       0.75      0.86      0.80        14
        1037       0.75      0.83      0.79        18
        1040       0.87      0.67      0.76        49
        1082       0.88      0.99      0.93        99
        1087       0.88      0.96      0.92       404
        1089       0.92      1.00      0.96        24
        1126       1.00      0.50      0.67         2
        1129       0.99      0.99      0.99        90
        1130       0.93      0.98      0.95       105
        1171       0.94      1.00      0.97        17
        1173       0.78      0.78      0.78         9
        1175       0.90      0.84      0.87        32
        1180       0.88      1.00      0.93         7
        1187       0.75      1.00      0.86         6
        1220       0.68      0.86      0.76        44
        1225       1.00      0.85      0.92        13
        1227       0.95      0.54      0.69        65
        1228       0.70      0.79      0.75        24
          13       0.88      0.57      0.69        51
          14       1.00      1.00      1.00        56
        1541       0.97      0.91      0.94       102
        1568       1.00      0.50      0.67         2
        1571       0.50      1.00      0.67         1
        1573       0.67      0.71      0.69        14
        1576       1.00      0.50      0.67        10
        1610       0.92      0.73      0.81        15
        1611       0.93      0.97      0.95        29
        1612       1.00      1.00      1.00         2
        1613       1.00      0.94      0.97        18
        1614       1.00      1.00      1.00        13
        1615       0.96      0.89      0.93        28
        1618       0.57      0.59      0.58        41
        1619       0.80      0.93      0.86        42
        1622       0.85      0.92      0.88        12
        1624       1.00      1.00      1.00        23
        1627       0.79      0.71      0.74        95
          17       0.88      0.98      0.93        52
          18       0.83      0.71      0.77        35
        1800       0.98      0.98      0.98      5843
        1801       0.97      0.99      0.98      8856
        1806       1.00      0.50      0.67         2
        1809       0.62      0.93      0.74        14
        1816       0.67      1.00      0.80         2
        1817       0.50      1.00      0.67         1
         182       1.00      1.00      1.00         4
        1825       0.35      0.75      0.48        16
         183       1.00      0.88      0.93         8
        1850       1.00      1.00      1.00         1
        1873       1.00      1.00      1.00         1
        1888       0.69      0.56      0.62        16
          19       1.00      0.93      0.96        14
        1959       1.00      1.00      1.00         4
        1962       1.00      1.00      1.00         5
        1966       0.96      0.79      0.87        34
        1970       0.71      0.85      0.77        20
        1976       0.94      0.89      0.92        37
        1979       0.90      1.00      0.95        19
        1997       0.92      1.00      0.96        22
          20       1.00      1.00      1.00        12
        2010       1.00      1.00      1.00         1
        2017       1.00      0.94      0.97        16
        2028       1.00      1.00      1.00         1
        2064       0.62      0.62      0.62       107
        2078       0.57      0.80      0.67        10
        2093       1.00      0.83      0.91         6
        2108       0.68      0.54      0.60        70
        2114       0.86      0.80      0.83        30
        2117       1.00      0.75      0.86        32
        2126       0.67      1.00      0.80         2
        2286       0.80      1.00      0.89         4
          23       1.00      1.00      1.00        27
        2325       0.82      0.70      0.76        20
         257       0.88      0.83      0.85        46
         259       0.88      0.85      0.86        41
         272       0.98      0.95      0.96       505
         273       0.95      0.97      0.96       205
         306       1.00      0.92      0.96        13
         308       0.88      0.91      0.89       149
         312       0.87      0.57      0.68        23
         314       0.77      0.71      0.74        28
         320       1.00      0.87      0.93        15
         323       0.88      0.80      0.84        35
         324       0.69      0.75      0.72        32
         331       0.61      0.68      0.65       135
         332       0.83      0.86      0.84       281
         333       0.57      0.96      0.71       335
         334       1.00      0.50      0.67         2
         335       0.98      0.98      0.98       254
          34       0.75      1.00      0.86         3
          36       0.50      1.00      0.67         4
         407       0.83      0.91      0.87        11
         413       1.00      0.87      0.93        23
         469       0.57      0.69      0.62        77
         472       0.91      0.81      0.85       124
         473       0.68      0.90      0.78        58
         474       1.00      1.00      1.00         3
         476       1.00      1.00      1.00         3
         499       1.00      0.50      0.67         6
         528       0.79      0.96      0.87       101
         531       0.88      0.74      0.81       300
          82       0.50      0.50      0.50         2
          83       0.75      0.75      0.75         4
          90       1.00      0.52      0.69        42
         995       1.00      1.00      1.00         1
         996       1.00      1.00      1.00         1

    accuracy                           0.92     21976
   macro avg       0.66      0.60      0.60     21976
weighted avg       0.92      0.92      0.92     21976
