[nltk_data] Downloading package stopwords to
[nltk_data]     /Users/anastasialavrova/nltk_data...
[nltk_data]   Package stopwords is already up-to-date!
              precision    recall  f1-score   support

         100       1.00      1.00      1.00        30
        1016       1.00      0.82      0.90        11
        1017       0.81      0.90      0.85       135
        1018       0.89      0.89      0.89       103
        1019       0.73      0.77      0.75       263
        1020       0.75      0.86      0.80        14
        1021       0.73      0.68      0.70       202
        1024       0.00      0.00      0.00         2
        1027       0.90      0.92      0.91       621
        1028       0.76      0.57      0.65        28
        1029       1.00      1.00      1.00         1
         103       0.55      0.19      0.28       167
        1036       0.67      0.67      0.67        15
        1037       0.65      0.85      0.73        13
        1040       0.88      0.73      0.80        63
        1082       0.78      1.00      0.88        77
        1087       0.89      0.94      0.92       409
        1089       0.87      0.95      0.91        21
        1090       0.00      0.00      0.00         2
        1101       0.00      0.00      0.00         1
        1126       1.00      0.50      0.67         2
        1129       0.93      1.00      0.97       100
        1130       0.96      0.96      0.96        98
        1171       0.86      0.92      0.89        13
        1172       0.00      0.00      0.00         3
        1173       0.62      0.71      0.67         7
        1175       0.96      0.81      0.88        32
        1176       1.00      0.30      0.46        10
        1177       0.00      0.00      0.00         1
        1178       0.00      0.00      0.00         1
        1180       1.00      1.00      1.00         3
        1181       0.00      0.00      0.00         8
        1187       1.00      1.00      1.00         4
        1219       0.00      0.00      0.00         2
        1220       0.71      0.83      0.77        30
        1225       1.00      0.61      0.76        18
        1227       1.00      0.52      0.68        60
        1228       0.55      0.89      0.68        19
          13       1.00      0.57      0.72        46
        1359       0.50      1.00      0.67         1
        1381       1.00      1.00      1.00         1
        1385       0.00      0.00      0.00         4
        1386       0.00      0.00      0.00        41
        1387       0.00      0.00      0.00         5
        1394       0.00      0.00      0.00        10
        1396       0.00      0.00      0.00         9
        1397       0.00      0.00      0.00         6
          14       0.94      1.00      0.97       166
        1402       0.00      0.00      0.00         2
        1457       0.00      0.00      0.00        42
        1541       0.93      0.90      0.91       106
        1558       0.00      0.00      0.00         1
        1570       0.50      1.00      0.67         1
        1573       0.83      1.00      0.91        10
        1576       1.00      0.64      0.78        11
        1610       1.00      0.88      0.93         8
        1611       0.94      0.94      0.94        32
        1612       0.50      1.00      0.67         1
        1613       0.94      0.94      0.94        17
        1614       1.00      1.00      1.00        17
        1615       0.90      0.93      0.92        29
        1616       0.00      0.00      0.00         1
        1618       0.59      0.31      0.41        42
        1619       0.74      0.91      0.82        32
        1620       0.00      0.00      0.00         7
        1621       0.67      0.50      0.57         4
        1622       1.00      0.80      0.89        15
        1624       1.00      0.90      0.95        21
        1626       0.50      0.33      0.40         3
        1627       0.62      0.71      0.66        68
          17       0.84      1.00      0.91        47
         177       1.00      1.00      1.00        38
         178       0.00      0.00      0.00        20
        1798       0.00      0.00      0.00         2
        1799       0.00      0.00      0.00         3
          18       0.88      0.70      0.78        33
        1800       0.98      0.97      0.98      5886
        1801       0.94      0.99      0.96      8804
        1806       1.00      1.00      1.00         3
        1808       0.00      0.00      0.00         1
        1809       0.65      0.92      0.76        12
        1810       0.00      0.00      0.00         2
        1811       0.00      0.00      0.00         2
        1812       0.00      0.00      0.00         4
        1814       0.00      0.00      0.00         5
        1816       0.67      0.67      0.67         3
        1819       0.00      0.00      0.00         0
         182       1.00      1.00      1.00         3
        1821       1.00      0.20      0.33         5
        1824       0.70      0.70      0.70        20
        1825       0.41      0.65      0.50        20
        1826       0.00      0.00      0.00       142
         183       1.00      1.00      1.00         4
        1831       0.00      0.00      0.00         4
        1849       0.00      0.00      0.00         1
        1850       1.00      1.00      1.00         1
        1873       0.00      0.00      0.00         2
        1888       0.55      0.33      0.41        18
          19       1.00      1.00      1.00        11
        1919       0.50      0.25      0.33         4
        1959       1.00      1.00      1.00         4
        1960       0.25      0.50      0.33         2
        1962       1.00      1.00      1.00         5
        1966       0.92      0.83      0.87        29
        1967       0.00      0.00      0.00         2
        1970       0.87      0.80      0.83        25
        1976       0.94      0.89      0.92        37
        1979       0.94      0.85      0.89        20
        1997       0.95      0.88      0.91        24
          20       1.00      0.83      0.91         6
        2010       1.00      1.00      1.00         3
        2017       0.93      1.00      0.97        14
        2028       0.00      0.00      0.00         1
        2043       0.00      0.00      0.00         4
        2057       0.00      0.00      0.00         0
        2064       0.54      0.63      0.58        95
        2072       0.00      0.00      0.00        30
        2078       1.00      0.56      0.72        16
        2093       1.00      1.00      1.00         8
        2098       0.00      0.00      0.00        10
        2108       0.70      0.26      0.38       153
        2114       0.86      0.96      0.91        26
        2117       0.96      0.73      0.83        37
        2124       0.00      0.00      0.00         1
        2126       1.00      1.00      1.00         1
        2177       0.00      0.00      0.00         1
          22       0.51      0.83      0.63        24
        2214       1.00      0.37      0.54        19
        2215       0.00      0.00      0.00         1
        2217       0.56      0.93      0.70        15
        2235       0.00      0.00      0.00        13
        2270       1.00      0.50      0.67         2
        2286       1.00      0.75      0.86         4
        2295       0.17      0.05      0.07        22
          23       1.00      0.97      0.98        33
        2302       0.25      0.20      0.22         5
        2317       0.00      0.00      0.00        19
        2318       0.00      0.00      0.00         1
        2325       0.84      0.89      0.86        18
        2372       0.00      0.00      0.00         1
        2413       1.00      1.00      1.00         1
         256       0.61      0.61      0.61        31
         257       0.82      0.93      0.87        43
         258       0.68      0.63      0.65        27
         259       0.93      0.83      0.88        30
         272       0.97      0.97      0.97       505
         273       0.95      0.96      0.96       211
         306       0.83      1.00      0.91        10
         308       0.88      0.88      0.88       161
         310       0.66      0.54      0.59        35
         312       0.82      1.00      0.90        18
         313       0.67      0.17      0.27        24
         314       0.93      0.52      0.67        27
         315       0.64      0.50      0.56        14
         320       0.96      0.96      0.96        25
         323       0.89      0.83      0.86        30
         324       0.74      0.87      0.80        30
         325       0.45      0.93      0.60        14
         331       0.90      0.41      0.57       136
         332       0.86      0.84      0.85       320
         333       0.53      0.94      0.68       309
         334       0.50      1.00      0.67         1
         335       0.97      0.99      0.98       224
          34       1.00      0.67      0.80         6
          36       1.00      0.62      0.77         8
         407       0.84      0.89      0.86        18
          41       0.50      1.00      0.67         1
         412       0.20      1.00      0.33         1
         413       0.91      0.95      0.93        21
          43       1.00      0.33      0.50         3
         468       0.44      0.58      0.50        52
         469       0.70      0.66      0.68       105
         472       0.88      0.82      0.85       117
         473       0.75      0.91      0.82        56
         474       1.00      0.33      0.50         3
         475       0.80      1.00      0.89         4
         476       1.00      1.00      1.00         1
         477       1.00      0.29      0.44         7
         489       0.00      0.00      0.00         4
         490       0.33      1.00      0.50         3
         499       0.00      0.00      0.00         0
         521       0.39      0.81      0.53        52
         528       0.77      0.94      0.85       106
         531       0.81      0.75      0.78       264
          58       0.50      0.25      0.33        16
         615       0.00      0.00      0.00         8
         630       0.00      0.00      0.00         2
          82       0.43      0.43      0.43         7
          83       1.00      0.67      0.80         6
          89       0.75      1.00      0.86         3
          90       0.84      0.47      0.60        34
         927       0.00      0.00      0.00         4
          99       0.94      0.48      0.64        33
         995       1.00      1.00      1.00        11

    accuracy                           0.91     22361
   macro avg       0.60      0.58      0.57     22361
weighted avg       0.90      0.91      0.90     22361

{'0': 0.003586973238093646, '100': 0.003198215584935194, '1016': 0.0032132905837114825, '1017': 0.0034032766590978815, '1018': 0.003661831408877093, '1019': 0.004031784310235242, '1020': 0.0032312897949749626, '1021': 0.005721853470991847, '1023': 0.0031936474076442894, '1024': 0.003337512628488133, '1027': 0.004181549395584076, '1028': 0.0036308684017088352, '1029': 0.003235311132380219, '103': 0.004181084460384982, '1036': 0.0033307190830876477, '1037': 0.0032548764713013333, '1040': 0.0032915854508293704, '1082': 0.003563066193153958, '1087': 0.004190820568643095, '1089': 0.0032679194632144683, '1090': 0.0032163049217791015, '110': 0.003414050798518752, '1103': 0.003199319884613617, '1126': 0.0032884758933074435, '1129': 0.0033065804805662174, '1130': 0.0034847703534603047, '1171': 0.0032726407283483216, '1172': 0.0032767416917901626, '1173': 0.0032877527922700153, '1174': 0.0032045970528379254, '1175': 0.0033851664511925506, '1176': 0.0036090000622168586, '1177': 0.003382065090975556, '1178': 0.0033134479584758063, '1180': 0.003249834305260419, '1181': 0.0032777901496964168, '1187': 0.003405893751251616, '1188': 0.0031991175125731784, '1200': 0.0032708525520441954, '1219': 0.0031982792696721002, '1220': 0.0033104138071661108, '1225': 0.0032295551888713034, '1227': 0.003415522685038219, '1228': 0.003400351844717546, '13': 0.004054861492378729, '1359': 0.0032178209862484372, '1381': 0.0034192181871813988, '1385': 0.003672865106359675, '1386': 0.003946430607393235, '1387': 0.003674978540676421, '1394': 0.003784089628102778, '1396': 0.0036397441509980677, '1397': 0.003653870415395098, '14': 0.17965267865143325, '1400': 0.0034066065785151186, '1402': 0.003406606578515121, '1457': 0.003926241818312106, '1541': 0.003666318172571654, '1558': 0.0032590139095701296, '1568': 0.0033456005601995176, '1569': 0.0031937654346763595, '1570': 0.0032022276001908326, '1571': 0.003201572513277591, '1573': 0.0032241875284999217, '1576': 0.003215851734900472, '1610': 0.0034316017909841578, '1611': 0.003514149940690055, '1612': 0.0032519042899189308, '1613': 0.003269443485939601, '1614': 0.003307709207284783, '1615': 0.0033120755982882243, '1617': 0.003193818471563641, '1618': 0.0033399225566705546, '1619': 0.003252393468155545, '1620': 0.003602535042859462, '1621': 0.003361459590281086, '1622': 0.0032773590759852117, '1624': 0.003373972869010364, '1626': 0.0032171743220197517, '1627': 0.0034204210023576235, '1695': 0.003263128763337163, '1696': 0.003262391722934951, '17': 0.0033100766039925655, '177': 0.003203267828100838, '178': 0.0039213180307894795, '1798': 0.0035869732380936427, '1799': 0.003800541224577956, '18': 0.003959731231061107, '1800': 0.06457880450393191, '1801': 0.013843719133378868, '1803': 0.0036595894913041315, '1804': 0.0032207476599187455, '1806': 0.0032074257509237024, '1808': 0.0033100961033733656, '1809': 0.003427712809549067, '1810': 0.003423704947818931, '1811': 0.0036397441509980213, '1812': 0.0036630765758118404, '1814': 0.003210605656636665, '1816': 0.003316572531722034, '1817': 0.003198594992094835, '1819': 0.003194642811623787, '182': 0.0032235579165482693, '1820': 0.0032036721766054983, '1821': 0.003791885658612897, '1824': 0.003252933040427813, '1825': 0.0038153260742513177, '1826': 0.005748483526534812, '1827': 0.003193408274148768, '183': 0.003219058732404265, '1831': 0.003626751590656402, '1849': 0.0032134585365601056, '1850': 0.0031921873518176787, '1873': 0.0032553254116940464, '1888': 0.0035042187171025873, '19': 0.0032973575322673945, '1919': 0.003277596062266106, '1959': 0.0032065227726861345, '1960': 0.0034644401293110606, '1962': 0.003249123163437621, '1966': 0.003327100554818641, '1967': 0.00324698319925045, '1970': 0.003381977169154995, '1976': 0.003214050950364502, '1979': 0.0032584735998932826, '1997': 0.003250237241773635, '20': 0.0033775039596035655, '2010': 0.0031989331677862716, '2017': 0.00322348513574761, '2028': 0.003196546716790437, '2043': 0.003299368765268943, '2056': 0.0032454641309379406, '2057': 0.003244447273733229, '2064': 0.003570102132863205, '2072': 0.003443897159919854, '2078': 0.0032184515809963515, '2093': 0.0032170565966379546, '2098': 0.00333057757773304, '2108': 0.0041190723612324065, '2114': 0.003202225329162731, '2117': 0.0035197070079855497, '2124': 0.0031942568829437554, '2126': 0.003194254998926557, '2137': 0.00322463667225117, '22': 0.003210627464572633, '2214': 0.003476862048723857, '2215': 0.0032373739148156893, '2217': 0.003383063463326739, '2235': 0.003320983754614631, '2270': 0.0031944197891075683, '2286': 0.003222765857835994, '2295': 0.005335460427039861, '23': 0.0032676710249475, '2302': 0.003251312901604878, '2317': 0.0033864790725060805, '2318': 0.003198061366708907, '2322': 0.0031937483257493886, '2323': 0.0032110515085104967, '2325': 0.0034746755154195603, '2413': 0.0031937279308052505, '256': 0.0037922258552601385, '257': 0.0033847002002778733, '258': 0.003277253997043999, '259': 0.003679452145509697, '272': 0.004589958238418628, '273': 0.00459320900958106, '30': 0.003198743149262665, '306': 0.0034134445621057533, '308': 0.0033800495923853066, '310': 0.0037244504745428397, '312': 0.003158623356261119, '313': 0.003749807419721837, '314': 0.0032616506030321187, '315': 0.0032546300635114007, '319': 0.0032023379726365308, '320': 0.003280385870308727, '323': 0.003626538016544728, '324': 0.0038850661612396136, '325': 0.0032578945203797648, '33': 0.0031984092139609507, '331': 0.003595396801796872, '332': 0.0034598563309078227, '333': 0.003324611713580916, '334': 0.0031941411663170406, '335': 0.003624603273162353, '34': 0.0033655708681998467, '36': 0.003466173436367532, '407': 0.003323140223419194, '41': 0.0033329376751867856, '412': 0.0033316608461209647, '413': 0.00324022463053292, '43': 0.0036347023489041673, '468': 0.0034354980661913835, '469': 0.003298561903324463, '471': 0.0032305902878737524, '472': 0.003302532795652952, '473': 0.0032558797909528155, '474': 0.003354540298865689, '475': 0.0033577322646090703, '476': 0.0032304128739648356, '477': 0.003236540972166251, '487': 0.0031936940806434, '489': 0.0034332503869090626, '490': 0.0034326712314294984, '499': 0.003182899377698739, '521': 0.003348439312376851, '528': 0.0033098765043908227, '531': 0.0034214564678254357, '58': 0.0038069631850268224, '615': 0.0035106559531467136, '630': 0.003230125342932419, '82': 0.0034445644127872846, '83': 0.0035367569162279293, '89': 0.0034113646198498195, '90': 0.0033772859624088395, '927': 0.0036511723615456166, '99': 0.003738921081292384, '995': 0.003722158367055973, '996': 0.0033522466436120214}
14
<class 'str'>
Перевод средств пенсионных накоплений в 153
{'312': 0.003158623356261119, '499': 0.003182899377698739, '1850': 0.0031921873518176787, '1827': 0.003193408274148768, '1023': 0.0031936474076442894, '487': 0.0031936940806434, '2413': 0.0031937279308052505, '2322': 0.0031937483257493886, '1569': 0.0031937654346763595, '1617': 0.003193818471563641, '334': 0.0031941411663170406, '2126': 0.003194254998926557, '2124': 0.0031942568829437554, '2270': 0.0031944197891075683, '1819': 0.003194642811623787, '2028': 0.003196546716790437, '2318': 0.003198061366708907, '100': 0.003198215584935194, '1219': 0.0031982792696721002, '33': 0.0031984092139609507, '1817': 0.003198594992094835, '30': 0.003198743149262665, '2010': 0.0031989331677862716, '1188': 0.0031991175125731784, '1103': 0.003199319884613617, '1571': 0.003201572513277591, '2114': 0.003202225329162731, '1570': 0.0032022276001908326, '319': 0.0032023379726365308, '177': 0.003203267828100838, '1820': 0.0032036721766054983, '1174': 0.0032045970528379254, '1959': 0.0032065227726861345, '1806': 0.0032074257509237024, '1814': 0.003210605656636665, '22': 0.003210627464572633, '2323': 0.0032110515085104967, '1016': 0.0032132905837114825, '1849': 0.0032134585365601056, '1976': 0.003214050950364502, '1576': 0.003215851734900472, '1090': 0.0032163049217791015, '2093': 0.0032170565966379546, '1626': 0.0032171743220197517, '1359': 0.0032178209862484372, '2078': 0.0032184515809963515, '183': 0.003219058732404265, '1804': 0.0032207476599187455, '2286': 0.003222765857835994, '2017': 0.00322348513574761, '182': 0.0032235579165482693, '1573': 0.0032241875284999217, '2137': 0.00322463667225117, '1225': 0.0032295551888713034, '630': 0.003230125342932419, '476': 0.0032304128739648356, '471': 0.0032305902878737524, '1020': 0.0032312897949749626, '1029': 0.003235311132380219, '477': 0.003236540972166251, '2215': 0.0032373739148156893, '413': 0.00324022463053292, '2057': 0.003244447273733229, '2056': 0.0032454641309379406, '1967': 0.00324698319925045, '1962': 0.003249123163437621, '1180': 0.003249834305260419, '1997': 0.003250237241773635, '2302': 0.003251312901604878, '1612': 0.0032519042899189308, '1619': 0.003252393468155545, '1824': 0.003252933040427813, '315': 0.0032546300635114007, '1037': 0.0032548764713013333, '1873': 0.0032553254116940464, '473': 0.0032558797909528155, '325': 0.0032578945203797648, '1979': 0.0032584735998932826, '1558': 0.0032590139095701296, '314': 0.0032616506030321187, '1696': 0.003262391722934951, '1695': 0.003263128763337163, '23': 0.0032676710249475, '1089': 0.0032679194632144683, '1613': 0.003269443485939601, '1200': 0.0032708525520441954, '1171': 0.0032726407283483216, '1172': 0.0032767416917901626, '258': 0.003277253997043999, '1622': 0.0032773590759852117, '1919': 0.003277596062266106, '1181': 0.0032777901496964168, '320': 0.003280385870308727, '1173': 0.0032877527922700153, '1126': 0.0032884758933074435, '1040': 0.0032915854508293704, '19': 0.0032973575322673945, '469': 0.003298561903324463, '2043': 0.003299368765268943, '472': 0.003302532795652952, '1129': 0.0033065804805662174, '1614': 0.003307709207284783, '528': 0.0033098765043908227, '17': 0.0033100766039925655, '1808': 0.0033100961033733656, '1220': 0.0033104138071661108, '1615': 0.0033120755982882243, '1178': 0.0033134479584758063, '1816': 0.003316572531722034, '2235': 0.003320983754614631, '407': 0.003323140223419194, '333': 0.003324611713580916, '1966': 0.003327100554818641, '2098': 0.00333057757773304, '1036': 0.0033307190830876477, '412': 0.0033316608461209647, '41': 0.0033329376751867856, '1024': 0.003337512628488133, '1618': 0.0033399225566705546, '1568': 0.0033456005601995176, '521': 0.003348439312376851, '996': 0.0033522466436120214, '474': 0.003354540298865689, '475': 0.0033577322646090703, '1621': 0.003361459590281086, '34': 0.0033655708681998467, '1624': 0.003373972869010364, '90': 0.0033772859624088395, '20': 0.0033775039596035655, '308': 0.0033800495923853066, '1970': 0.003381977169154995, '1177': 0.003382065090975556, '2217': 0.003383063463326739, '257': 0.0033847002002778733, '1175': 0.0033851664511925506, '2317': 0.0033864790725060805, '1228': 0.003400351844717546, '1017': 0.0034032766590978815, '1187': 0.003405893751251616, '1400': 0.0034066065785151186, '1402': 0.003406606578515121, '89': 0.0034113646198498195, '306': 0.0034134445621057533, '110': 0.003414050798518752, '1227': 0.003415522685038219, '1381': 0.0034192181871813988, '1627': 0.0034204210023576235, '531': 0.0034214564678254357, '1810': 0.003423704947818931, '1809': 0.003427712809549067, '1610': 0.0034316017909841578, '490': 0.0034326712314294984, '489': 0.0034332503869090626, '468': 0.0034354980661913835, '2072': 0.003443897159919854, '82': 0.0034445644127872846, '332': 0.0034598563309078227, '1960': 0.0034644401293110606, '36': 0.003466173436367532, '2325': 0.0034746755154195603, '2214': 0.003476862048723857, '1130': 0.0034847703534603047, '1888': 0.0035042187171025873, '615': 0.0035106559531467136, '1611': 0.003514149940690055, '2117': 0.0035197070079855497, '83': 0.0035367569162279293, '1082': 0.003563066193153958, '2064': 0.003570102132863205, '1798': 0.0035869732380936427, '0': 0.003586973238093646, '331': 0.003595396801796872, '1620': 0.003602535042859462, '1176': 0.0036090000622168586, '335': 0.003624603273162353, '323': 0.003626538016544728, '1831': 0.003626751590656402, '1028': 0.0036308684017088352, '43': 0.0036347023489041673, '1811': 0.0036397441509980213, '1396': 0.0036397441509980677, '927': 0.0036511723615456166, '1397': 0.003653870415395098, '1803': 0.0036595894913041315, '1018': 0.003661831408877093, '1812': 0.0036630765758118404, '1541': 0.003666318172571654, '1385': 0.003672865106359675, '1387': 0.003674978540676421, '259': 0.003679452145509697, '995': 0.003722158367055973, '310': 0.0037244504745428397, '99': 0.003738921081292384, '313': 0.003749807419721837, '1394': 0.003784089628102778, '1821': 0.003791885658612897, '256': 0.0037922258552601385, '1799': 0.003800541224577956, '58': 0.0038069631850268224, '1825': 0.0038153260742513177, '324': 0.0038850661612396136, '178': 0.0039213180307894795, '1457': 0.003926241818312106, '1386': 0.003946430607393235, '18': 0.003959731231061107, '1019': 0.004031784310235242, '13': 0.004054861492378729, '2108': 0.0041190723612324065, '103': 0.004181084460384982, '1027': 0.004181549395584076, '1087': 0.004190820568643095, '272': 0.004589958238418628, '273': 0.00459320900958106, '2295': 0.005335460427039861, '1021': 0.005721853470991847, '1826': 0.005748483526534812, '1801': 0.013843719133378868, '1800': 0.06457880450393191, '14': 0.17965267865143325}
