[nltk_data] Downloading package stopwords to
[nltk_data]     /Users/anastasialavrova/nltk_data...
[nltk_data]   Package stopwords is already up-to-date!
              precision    recall  f1-score   support

           0       0.00      0.00      0.00         0
         100       0.77      0.77      0.77        30
        1016       0.71      0.91      0.80        11
        1017       0.82      0.68      0.74       135
        1018       0.76      0.84      0.80       103
        1019       0.44      0.79      0.56       263
        1020       0.45      1.00      0.62        14
        1021       0.62      0.47      0.54       202
        1024       0.00      0.00      0.00         2
        1027       0.74      0.63      0.68       621
        1028       0.55      0.57      0.56        28
        1029       0.50      1.00      0.67         1
         103       0.44      0.22      0.29       167
        1036       0.54      0.87      0.67        15
        1037       0.60      0.92      0.73        13
        1040       0.59      0.70      0.64        63
        1082       0.74      0.97      0.84        77
        1087       0.88      0.73      0.80       409
        1089       0.91      1.00      0.95        21
        1090       0.00      0.00      0.00         2
         110       0.00      0.00      0.00         0
        1101       0.00      0.00      0.00         1
        1126       0.33      0.50      0.40         2
        1129       0.83      0.99      0.90       100
        1130       0.66      0.91      0.76        98
        1171       0.60      0.69      0.64        13
        1172       0.00      0.00      0.00         3
        1173       0.13      0.57      0.21         7
        1174       0.00      0.00      0.00         0
        1175       0.58      0.81      0.68        32
        1176       0.75      0.30      0.43        10
        1177       0.00      0.00      0.00         1
        1178       0.00      0.00      0.00         1
        1180       0.00      0.00      0.00         3
        1181       0.00      0.00      0.00         8
        1187       1.00      0.50      0.67         4
        1219       0.00      0.00      0.00         2
        1220       0.37      0.77      0.50        30
        1225       0.92      0.61      0.73        18
        1227       0.86      0.50      0.63        60
        1228       0.46      0.95      0.62        19
          13       0.87      0.57      0.68        46
        1359       0.20      1.00      0.33         1
        1381       1.00      1.00      1.00         1
        1385       0.00      0.00      0.00         4
        1386       0.07      1.00      0.12        41
        1387       0.00      0.00      0.00         5
        1394       0.00      0.00      0.00        10
        1396       0.00      0.00      0.00         9
        1397       0.00      0.00      0.00         6
          14       0.98      0.76      0.85       166
        1400       0.00      0.00      0.00         0
        1402       0.00      0.00      0.00         2
        1457       0.00      0.00      0.00        42
        1541       0.81      0.84      0.82       106
        1558       0.00      0.00      0.00         1
        1568       0.00      0.00      0.00         0
        1570       1.00      1.00      1.00         1
        1573       0.47      0.70      0.56        10
        1576       0.67      0.73      0.70        11
        1610       1.00      0.75      0.86         8
        1611       0.85      0.88      0.86        32
        1612       0.25      1.00      0.40         1
        1613       0.79      0.88      0.83        17
        1614       1.00      1.00      1.00        17
        1615       0.96      0.93      0.95        29
        1616       0.00      0.00      0.00         1
        1618       0.48      0.64      0.55        42
        1619       0.64      1.00      0.78        32
        1620       0.00      0.00      0.00         7
        1621       0.67      0.50      0.57         4
        1622       0.50      0.20      0.29        15
        1624       0.77      0.81      0.79        21
        1626       0.20      0.33      0.25         3
        1627       0.70      0.56      0.62        68
        1696       0.00      0.00      0.00         0
          17       0.80      0.85      0.82        47
         177       0.84      1.00      0.92        38
         178       0.00      0.00      0.00        20
        1798       0.00      0.00      0.00         2
        1799       0.00      0.00      0.00         3
          18       0.50      0.55      0.52        33
        1800       0.98      0.91      0.94      5886
        1801       0.98      0.91      0.94      8804
        1804       0.00      0.00      0.00         0
        1806       0.00      0.00      0.00         3
        1808       0.00      0.00      0.00         1
        1809       0.58      0.92      0.71        12
        1810       0.00      0.00      0.00         2
        1811       0.00      0.00      0.00         2
        1812       0.00      0.00      0.00         4
        1814       0.00      0.00      0.00         5
        1816       0.20      0.67      0.31         3
        1817       0.00      0.00      0.00         0
        1819       0.00      0.00      0.00         0
         182       0.75      1.00      0.86         3
        1821       0.00      0.00      0.00         5
        1824       0.52      0.65      0.58        20
        1825       0.38      0.60      0.46        20
        1826       0.22      0.06      0.09       142
        1827       0.00      0.00      0.00         0
         183       0.40      1.00      0.57         4
        1831       0.00      0.00      0.00         4
        1849       0.00      0.00      0.00         1
        1850       0.00      0.00      0.00         1
        1873       0.00      0.00      0.00         2
        1888       0.28      0.44      0.34        18
          19       0.89      0.73      0.80        11
        1919       0.29      0.50      0.36         4
        1959       0.33      1.00      0.50         4
        1960       0.11      0.50      0.18         2
        1962       0.50      0.80      0.62         5
        1966       0.79      0.66      0.72        29
        1967       0.00      0.00      0.00         2
        1970       0.36      0.84      0.50        25
        1976       0.70      0.81      0.75        37
        1979       0.72      0.65      0.68        20
        1997       0.70      0.88      0.78        24
          20       0.67      1.00      0.80         6
        2010       1.00      1.00      1.00         3
        2017       0.21      0.93      0.35        14
        2028       0.00      0.00      0.00         1
        2043       0.00      0.00      0.00         4
        2056       0.00      0.00      0.00         0
        2064       0.54      0.63      0.58        95
        2072       0.00      0.00      0.00        30
        2078       0.73      0.69      0.71        16
        2093       0.89      1.00      0.94         8
        2098       0.00      0.00      0.00        10
        2108       0.88      0.15      0.26       153
        2114       0.74      1.00      0.85        26
        2117       0.77      0.73      0.75        37
        2124       0.00      0.00      0.00         1
        2126       1.00      1.00      1.00         1
        2177       0.00      0.00      0.00         1
          22       0.48      0.96      0.64        24
        2214       0.88      0.37      0.52        19
        2215       0.00      0.00      0.00         1
        2217       0.48      0.93      0.64        15
        2235       0.00      0.00      0.00        13
        2270       0.50      0.50      0.50         2
        2286       0.40      0.50      0.44         4
        2295       0.08      0.05      0.06        22
          23       0.81      0.88      0.84        33
        2302       0.33      0.80      0.47         5
        2317       0.40      0.11      0.17        19
        2318       0.00      0.00      0.00         1
        2323       0.00      0.00      0.00         0
        2325       0.75      0.50      0.60        18
        2372       0.00      0.00      0.00         1
        2413       0.50      1.00      0.67         1
         256       0.28      0.39      0.32        31
         257       0.72      0.79      0.76        43
         258       0.54      0.78      0.64        27
         259       0.76      0.83      0.79        30
         272       0.90      0.94      0.92       505
         273       0.93      0.92      0.93       211
         306       0.25      1.00      0.40        10
         308       0.88      0.38      0.53       161
         310       0.60      0.17      0.27        35
         312       0.85      0.61      0.71        18
         313       0.26      0.42      0.32        24
         314       0.88      0.52      0.65        27
         315       1.00      0.29      0.44        14
         320       0.51      0.92      0.66        25
         323       0.88      0.73      0.80        30
         324       0.53      0.87      0.66        30
         325       0.48      0.86      0.62        14
          33       0.00      0.00      0.00         0
         331       0.46      0.59      0.52       136
         332       0.83      0.84      0.83       320
         333       0.54      0.81      0.64       309
         334       0.17      1.00      0.29         1
         335       0.52      0.97      0.68       224
          34       0.25      0.67      0.36         6
          36       0.70      0.88      0.78         8
         407       0.52      0.83      0.64        18
          41       1.00      1.00      1.00         1
         412       0.17      1.00      0.29         1
         413       0.65      0.95      0.77        21
          43       1.00      0.33      0.50         3
         468       0.47      0.15      0.23        52
         469       0.67      0.79      0.73       105
         471       0.00      0.00      0.00         0
         472       0.45      0.87      0.59       117
         473       0.58      0.75      0.66        56
         474       0.40      0.67      0.50         3
         475       0.33      1.00      0.50         4
         476       1.00      1.00      1.00         1
         477       0.50      0.29      0.36         7
         489       0.00      0.00      0.00         4
         490       0.00      0.00      0.00         3
         499       0.00      0.00      0.00         0
         521       0.31      0.83      0.45        52
         528       0.77      0.93      0.84       106
         531       0.77      0.75      0.76       264
          58       0.33      0.12      0.18        16
         615       0.00      0.00      0.00         8
         630       0.00      0.00      0.00         2
          82       0.33      1.00      0.50         7
          83       0.40      0.67      0.50         6
          89       0.00      0.00      0.00         3
          90       0.71      0.44      0.55        34
         927       0.00      0.00      0.00         4
          99       0.65      1.00      0.79        33
         995       0.78      0.64      0.70        11

    accuracy                           0.83     22361
   macro avg       0.42      0.50      0.43     22361
weighted avg       0.87      0.83      0.84     22361

{'0': 0.0007053648767387919, '100': 0.0018243752009899105, '1016': 0.0020933976510281553, '1017': 0.001229990667929293, '1018': 0.0017854645247382382, '1019': 0.00040728835369207596, '1020': 0.0019432806724881575, '1021': 0.00044914677480802545, '1023': 0.000155355779052592, '1024': 0.0030429656423493247, '1027': 0.0001458875457256959, '1028': 0.0008020400818576341, '1029': 0.0009677246346247486, '103': 0.0014153707387021877, '1036': 0.0014471804838542825, '1037': 0.0014183843713448374, '1040': 0.0005755118268728302, '1082': 0.0019826356313292805, '1087': 0.00023662627119356986, '1089': 0.0030974480771069554, '1090': 0.00045955076339688545, '110': 0.0003528005355149035, '1103': 0.00016348065962236256, '1126': 0.0007074730952541582, '1129': 0.0017057648919644713, '1130': 0.0012765531700613766, '1171': 0.002811499217639115, '1172': 0.001252269583285348, '1173': 0.0021926708300812436, '1174': 0.00016801005019560628, '1175': 0.004916634067968185, '1176': 0.0034414223414794315, '1177': 0.0009611222064408135, '1178': 0.000845408518986894, '1180': 0.0018989657495026026, '1181': 0.0016585480430543194, '1187': 0.003755333777949888, '1188': 0.00016966761199366443, '1200': 0.0013035405238545376, '1219': 0.0007626275208513776, '1220': 0.0016533712983028005, '1225': 0.001882273705333498, '1227': 0.002951775041452673, '1228': 0.0034546481911019635, '13': 0.0027889140939771776, '1359': 0.0006699444457629964, '1381': 0.0007990533993012867, '1385': 0.0012278533175370436, '1386': 0.0244170666375037, '1387': 0.0027624138642175547, '1394': 0.005373053149627509, '1396': 0.0019159173305076556, '1397': 0.002425609667593665, '14': 0.0016542156299166172, '1400': 0.00035393553561436134, '1402': 0.00035393553561436134, '1457': 0.021159369032124044, '1541': 0.0001787262650437014, '1558': 0.001676022813789782, '1568': 0.0006618561252622667, '1569': 0.0001594813428595662, '1570': 0.00017278775472885633, '1571': 0.00033597059667986486, '1573': 0.0011823975182324194, '1576': 0.0019539900482617644, '1610': 0.0022164251752439077, '1611': 0.004180932698603643, '1612': 0.0009281798456456411, '1613': 0.005072659241660524, '1614': 0.004619922331488943, '1615': 0.002912720075674725, '1617': 0.0001624586125065417, '1618': 0.004629104880819937, '1619': 0.0015927963230941188, '1620': 0.0019518551675791766, '1621': 0.0025389600206582735, '1622': 0.0008390663317177909, '1624': 0.004125145164573217, '1626': 0.000651980149820084, '1627': 0.001364576740769997, '1695': 0.000519462834218612, '1696': 0.0005194893109914699, '17': 0.0018064485876143261, '177': 0.000906634303477317, '178': 0.011473846483925864, '1798': 0.0007053648767387919, '1799': 0.001194360575859962, '18': 0.0037309907388665626, '1800': 0.1375006230549871, '1801': 0.40464125251451094, '1803': 0.00070480495076739, '1804': 0.00017142229439415872, '1806': 0.0012334198294716259, '1808': 0.00017720536430718562, '1809': 0.0020778347648517737, '1810': 0.0005180959889156412, '1811': 0.0019159173305076556, '1812': 0.0014007845047875305, '1814': 0.0015153041898269895, '1816': 0.0006222210857120183, '1817': 0.000553649368709101, '1819': 0.00017109947005680698, '182': 0.0005415459996661067, '1820': 0.00017094566305779244, '1821': 0.0024191525068689114, '1824': 0.0022231606882437685, '1825': 0.004311455841095341, '1826': 0.003766515809621087, '1827': 0.00014576833373133521, '183': 0.0012928344758314537, '1831': 0.0015688937526808998, '1849': 0.0003329487401954879, '1850': 0.0004527562565760001, '1873': 0.0003462913980022637, '1888': 0.0009972226828208926, '19': 0.0025995575036503937, '1919': 0.002486818378837168, '1959': 0.0014186479689714563, '1960': 0.0013948464220471224, '1962': 0.0019319851672490037, '1966': 0.0016176781214619924, '1967': 0.0009675708479895452, '1970': 0.0017280774096443748, '1976': 0.0006488910349208491, '1979': 0.0017018051848245752, '1997': 0.0021282794475700004, '20': 0.0022866563756391996, '2010': 0.0015650176611598475, '2017': 0.0011874764244328374, '2028': 0.0002978004451482096, '2043': 0.0019148792523654263, '2056': 0.0004031442867935698, '2057': 0.00033354931587250305, '2064': 0.008340042023930027, '2072': 0.005243235173276558, '2078': 0.0021447724246481817, '2093': 0.002531602586132673, '2098': 0.0018172761457998727, '2108': 0.007278670120737971, '2114': 0.0018162931954432608, '2117': 0.005376558692191702, '2124': 0.0001613688705625247, '2126': 0.00036350484539351545, '2137': 0.00017375389348194526, '22': 0.0018589203723888997, '2214': 0.005810565861156733, '2215': 0.0005731644747103943, '2217': 0.006002304011408014, '2235': 0.002735013423218956, '2270': 0.00014389764147133382, '2286': 0.0017807518656675029, '2295': 0.009025952169076033, '23': 0.001568015837757486, '2302': 0.0028381887686513133, '2317': 0.002534677294908877, '2318': 0.000454569420922928, '2322': 0.0001603212256235403, '2323': 0.0010089496354514062, '2325': 0.002317047214588797, '2413': 0.00015618724103852062, '256': 0.004537659953914102, '257': 0.0040244595663206095, '258': 0.004771654253081424, '259': 0.007852265258057666, '272': 0.0007479758939753227, '273': 0.001003676035962225, '30': 0.000167486292852271, '306': 0.0007413766521278446, '308': 0.001420755207664301, '310': 0.002022037299742187, '312': 0.0018148970612113988, '313': 0.005212715454985061, '314': 0.006319832414732828, '315': 0.0015089133385854058, '319': 0.00017269120436367967, '320': 0.004383923780711506, '323': 0.006305594908307381, '324': 0.006711433696959812, '325': 0.0022085021015854685, '33': 0.0003164289840177189, '331': 0.001765878168580501, '332': 0.002924406923284168, '333': 0.0006144617726794999, '334': 0.000435129526874866, '335': 0.0013105689168787982, '34': 0.0018027583390382252, '36': 0.0016320176327499912, '407': 0.0013189365980802155, '41': 0.0011241176225498261, '412': 0.0009536483895489518, '413': 0.001084162264443763, '43': 0.0008543441819758303, '468': 0.0016616649668555097, '469': 0.0008364714224556608, '471': 0.00042696155638814336, '472': 0.0027687676223438107, '473': 0.0014396289066509439, '474': 0.0018460297920369038, '475': 0.0018339969165864444, '476': 0.000777928409515904, '477': 0.0021446513895661636, '487': 0.00015792608688614866, '489': 0.002437791164260155, '490': 0.002573975132953508, '499': 0.0013963346311841268, '521': 0.0024681443363734476, '528': 0.0034496784304665286, '531': 0.0006973850790204218, '58': 0.00360367637959915, '615': 0.004366409709485197, '630': 0.0006669006848035372, '82': 0.0017556122711441576, '83': 0.001380407243048675, '89': 0.0007008597710536967, '90': 0.0015631893090746933, '927': 0.0015731039530703726, '99': 0.005483157676635639, '995': 0.002475040608578341, '996': 0.0015114385382844282}
1801
<class 'str'>
Перевод денежных средств с р/с
{'2270': 0.00014389764147133382, '1827': 0.00014576833373133521, '1027': 0.0001458875457256959, '1023': 0.000155355779052592, '2413': 0.00015618724103852062, '487': 0.00015792608688614866, '1569': 0.0001594813428595662, '2322': 0.0001603212256235403, '2124': 0.0001613688705625247, '1617': 0.0001624586125065417, '1103': 0.00016348065962236256, '30': 0.000167486292852271, '1174': 0.00016801005019560628, '1188': 0.00016966761199366443, '1820': 0.00017094566305779244, '1819': 0.00017109947005680698, '1804': 0.00017142229439415872, '319': 0.00017269120436367967, '1570': 0.00017278775472885633, '2137': 0.00017375389348194526, '1808': 0.00017720536430718562, '1541': 0.0001787262650437014, '1087': 0.00023662627119356986, '2028': 0.0002978004451482096, '33': 0.0003164289840177189, '1849': 0.0003329487401954879, '2057': 0.00033354931587250305, '1571': 0.00033597059667986486, '1873': 0.0003462913980022637, '110': 0.0003528005355149035, '1400': 0.00035393553561436134, '2126': 0.00036350484539351545, '2056': 0.0004031442867935698, '1019': 0.00040728835369207596, '471': 0.00042696155638814336, '334': 0.000435129526874866, '1021': 0.00044914677480802545, '1850': 0.0004527562565760001, '2318': 0.000454569420922928, '1090': 0.00045955076339688545, '1810': 0.0005180959889156412, '1695': 0.000519462834218612, '1696': 0.0005194893109914699, '182': 0.0005415459996661067, '1817': 0.000553649368709101, '2215': 0.0005731644747103943, '1040': 0.0005755118268728302, '333': 0.0006144617726794999, '1816': 0.0006222210857120183, '1976': 0.0006488910349208491, '1626': 0.000651980149820084, '1568': 0.0006618561252622667, '630': 0.0006669006848035372, '1359': 0.0006699444457629964, '531': 0.0006973850790204218, '89': 0.0007008597710536967, '1803': 0.00070480495076739, '0': 0.0007053648767387919, '1126': 0.0007074730952541582, '306': 0.0007413766521278446, '272': 0.0007479758939753227, '1219': 0.0007626275208513776, '476': 0.000777928409515904, '1381': 0.0007990533993012867, '1028': 0.0008020400818576341, '469': 0.0008364714224556608, '1622': 0.0008390663317177909, '1178': 0.000845408518986894, '43': 0.0008543441819758303, '177': 0.000906634303477317, '1612': 0.0009281798456456411, '412': 0.0009536483895489518, '1177': 0.0009611222064408135, '1967': 0.0009675708479895452, '1029': 0.0009677246346247486, '1888': 0.0009972226828208926, '273': 0.001003676035962225, '2323': 0.0010089496354514062, '413': 0.001084162264443763, '41': 0.0011241176225498261, '1573': 0.0011823975182324194, '2017': 0.0011874764244328374, '1799': 0.001194360575859962, '1385': 0.0012278533175370436, '1017': 0.001229990667929293, '1806': 0.0012334198294716259, '1172': 0.001252269583285348, '1130': 0.0012765531700613766, '183': 0.0012928344758314537, '1200': 0.0013035405238545376, '335': 0.0013105689168787982, '407': 0.0013189365980802155, '1627': 0.001364576740769997, '83': 0.001380407243048675, '1960': 0.0013948464220471224, '499': 0.0013963346311841268, '1812': 0.0014007845047875305, '103': 0.0014153707387021877, '1037': 0.0014183843713448374, '1959': 0.0014186479689714563, '308': 0.001420755207664301, '473': 0.0014396289066509439, '1036': 0.0014471804838542825, '315': 0.0015089133385854058, '996': 0.0015114385382844282, '1814': 0.0015153041898269895, '90': 0.0015631893090746933, '2010': 0.0015650176611598475, '23': 0.001568015837757486, '1831': 0.0015688937526808998, '927': 0.0015731039530703726, '1619': 0.0015927963230941188, '1966': 0.0016176781214619924, '36': 0.0016320176327499912, '1220': 0.0016533712983028005, '14': 0.0016542156299166172, '1181': 0.0016585480430543194, '468': 0.0016616649668555097, '1558': 0.001676022813789782, '1979': 0.0017018051848245752, '1129': 0.0017057648919644713, '1970': 0.0017280774096443748, '82': 0.0017556122711441576, '331': 0.001765878168580501, '2286': 0.0017807518656675029, '1018': 0.0017854645247382382, '34': 0.0018027583390382252, '17': 0.0018064485876143261, '312': 0.0018148970612113988, '2114': 0.0018162931954432608, '2098': 0.0018172761457998727, '100': 0.0018243752009899105, '475': 0.0018339969165864444, '474': 0.0018460297920369038, '22': 0.0018589203723888997, '1225': 0.001882273705333498, '1180': 0.0018989657495026026, '2043': 0.0019148792523654263, '1396': 0.0019159173305076556, '1962': 0.0019319851672490037, '1020': 0.0019432806724881575, '1620': 0.0019518551675791766, '1576': 0.0019539900482617644, '1082': 0.0019826356313292805, '310': 0.002022037299742187, '1809': 0.0020778347648517737, '1016': 0.0020933976510281553, '1997': 0.0021282794475700004, '477': 0.0021446513895661636, '2078': 0.0021447724246481817, '1173': 0.0021926708300812436, '325': 0.0022085021015854685, '1610': 0.0022164251752439077, '1824': 0.0022231606882437685, '20': 0.0022866563756391996, '2325': 0.002317047214588797, '1821': 0.0024191525068689114, '1397': 0.002425609667593665, '489': 0.002437791164260155, '521': 0.0024681443363734476, '995': 0.002475040608578341, '1919': 0.002486818378837168, '2093': 0.002531602586132673, '2317': 0.002534677294908877, '1621': 0.0025389600206582735, '490': 0.002573975132953508, '19': 0.0025995575036503937, '2235': 0.002735013423218956, '1387': 0.0027624138642175547, '472': 0.0027687676223438107, '13': 0.0027889140939771776, '1171': 0.002811499217639115, '2302': 0.0028381887686513133, '1615': 0.002912720075674725, '332': 0.002924406923284168, '1227': 0.002951775041452673, '1024': 0.0030429656423493247, '1089': 0.0030974480771069554, '1176': 0.0034414223414794315, '528': 0.0034496784304665286, '1228': 0.0034546481911019635, '58': 0.00360367637959915, '18': 0.0037309907388665626, '1187': 0.003755333777949888, '1826': 0.003766515809621087, '257': 0.0040244595663206095, '1624': 0.004125145164573217, '1611': 0.004180932698603643, '1825': 0.004311455841095341, '615': 0.004366409709485197, '320': 0.004383923780711506, '256': 0.004537659953914102, '1614': 0.004619922331488943, '1618': 0.004629104880819937, '258': 0.004771654253081424, '1175': 0.004916634067968185, '1613': 0.005072659241660524, '313': 0.005212715454985061, '2072': 0.005243235173276558, '1394': 0.005373053149627509, '2117': 0.005376558692191702, '99': 0.005483157676635639, '2214': 0.005810565861156733, '2217': 0.006002304011408014, '323': 0.006305594908307381, '314': 0.006319832414732828, '324': 0.006711433696959812, '2108': 0.007278670120737971, '259': 0.007852265258057666, '2064': 0.008340042023930027, '2295': 0.009025952169076033, '178': 0.011473846483925864, '1457': 0.021159369032124044, '1386': 0.0244170666375037, '1800': 0.1375006230549871, '1801': 0.40464125251451094}
